spawn:
  world: world
  x: 0.36299285755323196
  y: 148.0
  z: 30.396027396336372
  yaw: -180.9281
  pitch: -9.054158